/*--------------------------------*- C++ -*----------------------------------*\
  =========                 |
  \\      /  F ield         | OpenFOAM: The Open Source CFD Toolbox
   \\    /   O peration     | Website:  https://openfoam.org
    \\  /    A nd           | Version:  8
     \\/     M anipulation  |
\*---------------------------------------------------------------------------*/
FoamFile
{
    version     2.0;
    format      ascii;
    class       faceSet;
    location    "constant/polyMesh/sets";
    object      upperTriangularFace;
}
// * * * * * * * * * * * * * * * * * * * * * * * * * * * * * * * * * * * * * //


283
(
0 
3073 
5122 
7173 
5125 
5128 
5131 
5134 
5137 
5140 
5143 
5146 
6173 
5149 
5152 
12321 
5155 
5158 
5161 
5164 
11311 
5167 
5170 
5172 
10301 
2119 
2121 
4173 
15438 
1109 
1111 
99 
3173 
101 
7273 
15478 
6273 
12422 
13451 
13454 
13457 
13460 
11412 
13463 
5273 
13466 
13469 
15518 
13472 
10402 
13475 
13478 
13481 
13484 
2220 
2222 
13487 
4273 
13490 
13493 
13496 
1210 
13499 
12476 
1212 
13502 
12479 
13505 
12482 
13507 
12485 
15558 
12488 
200 
3273 
202 
12491 
7373 
12494 
12497 
12500 
12503 
12506 
12509 
12512 
12515 
6373 
12518 
12521 
12524 
15598 
12527 
12530 
12532 
11513 
5373 
10503 
2321 
2323 
4373 
15638 
1311 
1313 
3373 
301 
303 
7473 
15678 
6473 
11614 
5473 
15718 
10604 
2422 
2424 
4473 
1412 
1414 
15758 
3473 
402 
404 
6573 
15798 
11715 
5573 
10705 
4573 
15838 
2526 
2529 
2532 
2535 
1513 
2538 
1515 
2541 
2544 
2547 
3573 
2550 
503 
2553 
505 
2556 
2559 
2562 
2565 
15878 
2568 
2571 
2574 
6673 
2577 
2580 
2583 
2586 
2589 
2592 
2595 
2598 
11816 
5673 
2601 
2604 
15918 
2607 
2610 
2613 
10806 
2616 
2619 
2622 
4673 
2625 
2628 
2631 
2634 
2637 
1614 
2640 
1616 
2643 
15958 
2646 
3673 
2649 
2652 
604 
606 
2655 
2658 
2661 
2664 
2667 
2670 
2672 
6773 
15998 
11917 
5773 
10907 
4773 
16038 
1715 
1717 
3773 
705 
707 
16078 
2773 
6873 
5873 
12018 
16118 
11008 
4873 
1816 
1818 
16158 
3873 
806 
808 
2873 
6973 
16198 
5973 
12119 
11109 
4973 
16238 
10099 
1917 
1919 
3973 
907 
909 
16278 
2973 
7073 
5026 
5029 
5032 
5035 
5038 
5041 
5044 
5047 
6073 
5050 
12220 
5053 
16318 
5056 
5059 
5062 
5065 
11210 
5068 
5071 
5074 
5077 
10200 
5080 
5083 
5086 
5089 
2018 
5092 
2020 
16358 
5095 
4073 
5098 
5101 
5104 
1008 
1010 
5107 
5110 
5113 
5116 
5119 
)

// ************************************************************************* //
